0.7746705110184848
0.1306216404773295
0.8116952436976135
0.6945766978897154
0.8622029940597713
0.9220276833511889
0.7723391535691917
0.3357857712544501
0.06366224540397525
0.35990153113380075
0.5864489781670272
0.2795800887979567
0.3994397292844951
0.8804175765253603
0.687547895591706
0.2015291848219931
0.021244048606604338
0.313701628241688
0.691013331990689
0.3227653377689421
0.7174720386974514
0.39994419226422906
0.9424168053083122
0.05500310147181153
0.8482673610560596
0.5945762530900538
0.9330512690357864
0.24712133640423417
0.08526659710332751
0.28750755498185754
0.9576459559611976
0.15830774093046784
0.33103284193202853
0.5614273832179606
0.3892687219195068
0.28276588255539536
0.1931767980568111
0.6141678453423083
0.9464158895425498
0.15098472917452455
0.38816536916419864
0.9701296524144709
0.32728959200903773
0.2325706803239882
0.4498177538625896
0.6057704002596438
0.5862626167945564
0.06564209843054414
0.11748903943225741
0.11415535071864724
0.6275307494215667
0.7377863400615752
0.7789412955753505
0.03357071289792657
0.1909526172094047
0.8435792871750891
0.34290216816589236
0.4651994244195521
0.7050770330242813
0.04366737836971879
0.9163109729997814
0.10485943267121911
0.38235783902928233
0.350412140134722
0.661252289544791
0.813804476056248
0.9315562504343688
0.26509721809998155
0.20657705469056964
0.8535873652435839
0.26233069924637675
0.8916979082860053
0.9892111564986408
0.9099857644177973
0.557014178019017
0.15221318835392594
0.9001515279524028
0.03099047252908349
0.08457908360287547
0.2285602488555014
0.6101497407071292
0.6038562045432627
0.13178956089541316
0.3560315244831145
0.9500830988399684
0.49621487269178033
0.426541346590966
0.09331422531977296
0.7210132325999439
0.48625136772170663
0.4283891129307449
0.19407236808910966
0.308932192157954
0.10694184014573693
0.8612613114528358
0.2050913074053824
0.4791960413567722
0.029354481492191553
0.8633625167421997
0.915984767023474
