0.2184182969939049
0.9563175765594084
0.8295092339764858
0.5616954427965429
0.415307081497883
0.06611873491952137
0.257577792395641
0.10995679353827462
0.04382899778142059
0.6339657123358761
0.06172722906886005
0.4495389603309049
0.4013062815187994
0.7546734864612452
0.7972869541483405
0.0018383711585022375
0.8975040609471053
0.3507523379990609
0.09454475021667068
0.013616891584180712
0.8590968553252037
0.8408474507000518
0.1231039157710522
0.007512364074360749
0.2603029977811049
0.9124837070295977
0.11366404644849899
0.3516286599224567
0.8228873167293553
0.26713227027427977
0.69206649982001
0.5616624749087088
0.8612157906690686
0.4537937750359037
0.9119770284332228
0.5979168771756426
0.18895469102494172
0.7614920561953876
0.3969884758801146
0.18531411708580056
0.5743658610500236
0.36702666774719334
0.6172048270782479
0.3615287041112449
0.2129299976923177
0.7144712147835973
0.11770686792102962
0.2993291487448519
0.8250029547256431
0.8246600738841389
0.06186177072201938
0.710780524979709
0.08828333396850309
0.7779940086314426
0.7453030686570812
0.3086749195627286
0.8993730907791169
0.763536724617489
0.761730646137954
0.406969640593496
0.9387494548870016
0.5620882858345696
0.01782002161155456
0.5011032253974598
0.04190925510689116
0.3688505815197018
0.2717236016279662
0.8585725612279831
0.029036558712383993
0.01744227903775977
0.15238378762844196
0.11431867122385589
0.35390725934594275
0.1193078272600229
0.2066527592049226
0.21292395713409593
0.6129475527503283
0.8095190747685354
0.5870896347738288
0.21549164374149016
0.7680563632250095
0.7232967227340195
0.44801899066568307
0.8551761181350687
0.9450174960983068
0.9090569242411558
0.5197257211058055
0.030194625272506208
0.48106695501183483
0.29231288390807475
0.9026398430125042
0.6678415111581988
0.41227803584759964
0.1569484906070626
0.8332816329008348
0.964404164331222
0.7407899148486508
0.4560988612734242
0.6535614224400191
0.4068269494021437
