0.7679
0.967
0.5089
0.8979
0.6224
0.7381
0.4791
0.9536
0.9352
0.4599
0.1508
0.274
0.5076
0.7657
0.6296
0.6396
0.9088
0.5917
0.0108
0.0116
0.0134
0.0179
0.032
0.1024
0.0485
0.2352
0.5319
0.2917
0.5088
0.8877
0.8011
0.1761
0.1011
0.0221
0.0488
0.2381
0.6691
0.7694
0.1976
0.9045
0.812
0.9344
0.3103
0.6286
0.5137
0.3887
0.1087
0.1815
0.2942
0.6553
0.9418
0.6987
0.8181
0.9287
0.2483
0.1652
0.7291
0.1586
0.5153
0.5534
0.6251
0.075
0.5625
0.6406
0.0368
0.1354
0.8333
0.4388
0.2545
0.477
0.7529
0.6858
0.0321
0.103
0.0609
0.3708
0.7492
0.13
0.69
0.61
0.21
0.41
0.81
0.61
0.21
0.41
0.81
0.61
0.21
0.41
0.81
0.61
0.21
0.41
0.81
0.61
0.21
0.41
0.81
0.61
0.21
